0.030 0.300 0.030 12 6 2 0 
414.57 358.42 295.64 243.28 203.51 170.48 141.78 117.21 94.54 74.02 0.00 0.41
446.88 389.17 322.77 264.77 222.57 187.13 155.97 126.87 104.06 82.28 0.00 0.45
488.25 430.64 357.60 296.22 249.83 210.39 175.98 144.16 120.34 95.52 0.00 0.51
523.80 465.99 386.19 322.37 270.06 229.26 191.64 157.51 130.62 105.82 0.00 0.56
561.22 499.72 417.88 349.04 293.71 250.07 211.51 172.41 142.84 118.33 0.00 0.61
604.56 539.38 456.54 381.37 323.91 275.85 234.18 193.03 159.87 134.16 0.00 0.68
626.72 559.79 476.61 397.50 337.87 288.92 244.71 203.37 168.12 141.34 0.00 0.71
650.16 581.50 497.38 415.22 352.82 303.06 256.64 214.81 177.64 149.91 0.00 0.75
675.28 605.07 518.61 435.02 369.26 318.18 270.34 227.75 188.78 160.00 0.00 0.79
701.83 630.23 541.39 456.59 387.01 334.72 285.24 242.00 201.02 170.14 0.00 0.83
760.42 686.51 592.87 504.18 427.73 373.08 320.02 273.49 229.58 193.70 0.00 0.93
801.41 724.78 626.73 532.23 450.79 396.86 339.46 288.72 245.12 206.69 0.00 1.00
407.28 358.23 298.99 249.01 209.50 176.58 149.81 125.91 103.46 83.68 2000.00 0.41
439.74 389.11 326.20 270.69 228.73 193.69 164.25 136.23 113.94 92.48 2000.00 0.45
480.05 430.45 361.17 302.64 256.49 217.94 186.02 155.42 131.51 108.17 2000.00 0.51
515.39 465.96 389.88 328.83 277.47 236.99 201.88 170.79 141.78 118.20 2000.00 0.56
554.07 500.01 422.62 356.12 302.26 258.47 221.53 185.57 154.57 130.88 2000.00 0.61
594.29 536.06 458.05 385.96 329.37 282.24 241.93 203.44 170.56 144.90 2000.00 0.68
618.51 558.79 480.59 405.44 346.07 298.03 255.71 216.24 181.19 155.00 2000.00 0.71
642.67 581.29 501.66 424.94 362.61 313.24 269.52 229.21 191.85 165.50 2000.00 0.75
668.30 605.48 523.78 446.19 380.58 329.56 284.71 243.71 204.00 176.66 2000.00 0.79
693.78 629.50 545.76 467.53 398.36 345.84 299.41 258.42 216.14 186.36 2000.00 0.83
750.72 684.22 596.31 513.97 439.62 383.85 333.88 289.57 244.97 208.92 2000.00 0.93
767.91 696.90 604.83 516.25 438.51 386.28 332.30 284.28 242.10 204.84 2000.00 1.00
399.30 357.75 302.70 254.50 215.47 183.24 157.33 134.03 112.65 93.27 4000.00 0.41
431.78 388.70 329.73 276.92 235.45 200.59 172.11 146.82 124.53 102.79 4000.00 0.45
471.50 429.19 364.12 308.09 262.65 224.88 193.50 165.40 141.51 118.38 4000.00 0.51
505.93 463.55 392.44 333.70 283.85 243.96 210.05 180.90 152.20 129.32 4000.00 0.56
543.63 497.88 425.71 362.10 310.11 266.37 230.83 198.67 166.99 143.87 4000.00 0.61
583.77 533.67 460.89 391.67 336.51 289.93 250.71 215.62 183.65 157.02 4000.00 0.68
608.09 556.59 483.70 411.53 353.74 306.08 264.84 228.48 195.19 167.48 4000.00 0.71
632.41 579.35 504.53 431.37 370.82 321.51 278.96 241.44 206.24 178.32 4000.00 0.75
657.34 602.82 526.05 452.04 388.53 337.58 293.62 255.23 218.01 189.09 4000.00 0.79
682.17 626.15 547.44 472.77 406.07 353.60 307.96 269.21 229.81 198.66 4000.00 0.83
713.94 652.58 570.08 492.31 422.27 369.08 321.53 279.46 237.97 202.96 4000.00 0.93
732.44 666.72 580.45 497.51 423.62 372.81 322.71 277.39 236.93 200.99 4000.00 1.00
389.28 355.55 305.49 258.94 220.69 189.66 164.06 141.44 121.32 102.77 6000.00 0.41
422.29 386.65 332.28 281.63 240.91 207.07 178.87 154.81 132.79 112.50 6000.00 0.45
460.93 426.22 366.09 312.68 268.18 231.42 200.53 174.19 150.69 128.43 6000.00 0.51
494.99 459.31 393.97 337.50 289.42 250.50 216.88 188.84 162.64 139.94 6000.00 0.56
533.32 494.13 427.74 366.38 315.97 273.21 237.58 206.98 177.93 154.28 6000.00 0.61
571.89 529.56 462.69 396.31 342.58 297.06 258.62 225.88 195.48 168.52 6000.00 0.68
595.89 552.56 485.11 416.59 360.48 313.47 273.37 239.27 207.92 179.69 6000.00 0.71
619.85 575.45 506.20 436.86 378.34 329.48 288.07 252.77 219.96 191.15 6000.00 0.75
640.12 594.10 522.88 453.01 392.38 341.97 299.20 263.42 229.21 199.34 6000.00 0.79
652.99 602.80 529.31 458.83 395.95 345.38 301.65 265.02 228.56 197.81 6000.00 0.83
678.34 621.86 544.57 471.19 405.16 354.58 309.39 269.52 230.91 197.25 6000.00 0.93
696.48 635.74 555.04 477.45 407.43 358.19 311.79 269.13 230.52 195.97 6000.00 1.00
378.76 351.43 307.13 262.62 225.25 195.09 170.01 148.07 128.56 110.66 8000.00 0.41
410.89 382.68 333.70 285.55 245.82 213.02 185.31 162.10 140.62 121.76 8000.00 0.45
448.40 421.36 366.90 316.26 272.72 237.14 206.91 181.36 158.37 137.49 8000.00 0.51
482.55 453.48 394.39 340.49 293.99 255.93 223.19 195.83 171.19 148.77 8000.00 0.56
520.33 488.40 428.60 369.94 321.25 279.77 244.39 215.35 188.56 164.89 8000.00 0.61
558.79 523.58 463.35 399.71 347.31 303.52 265.55 233.80 205.06 179.27 8000.00 0.68
581.64 545.44 484.06 419.09 364.46 318.98 279.79 246.37 216.62 189.97 8000.00 0.71
594.63 555.26 491.23 426.05 369.97 323.26 283.65 249.57 218.61 191.29 8000.00 0.75
606.09 563.77 497.37 432.11 374.69 327.03 286.49 252.74 220.53 191.99 8000.00 0.79
618.09 572.12 503.53 437.27 378.42 330.48 289.03 254.41 220.61 190.93 8000.00 0.83
642.48 590.44 518.15 449.10 386.82 339.05 296.25 258.56 222.60 190.61 8000.00 0.93
660.09 604.00 528.61 456.05 389.92 342.48 299.52 259.46 222.79 189.72 8000.00 1.00
367.16 345.71 307.34 265.52 229.38 199.88 175.22 153.93 135.13 118.10 10000.00 0.41
398.44 376.65 333.75 288.65 250.21 217.95 191.20 168.24 147.93 129.39 10000.00 0.45
435.25 414.57 366.26 319.00 276.69 241.89 212.53 187.55 165.31 145.21 10000.00 0.51
467.90 445.74 393.56 342.65 297.78 260.62 229.30 202.31 178.67 156.81 10000.00 0.56
506.19 481.05 428.05 372.46 325.34 284.82 250.77 221.97 196.05 172.89 10000.00 0.61
535.92 506.02 451.73 391.56 341.39 299.77 263.21 232.66 205.63 181.25 10000.00 0.68
548.70 515.56 458.50 398.02 346.48 303.60 266.78 235.13 207.21 182.30 10000.00 0.71
561.01 524.80 465.20 404.50 351.58 307.55 270.15 238.08 209.00 183.26 10000.00 0.75
571.97 532.95 471.06 410.28 356.07 311.14 272.84 241.14 210.86 183.64 10000.00 0.79
583.20 540.92 476.94 414.77 359.81 314.55 275.38 242.56 211.38 182.88 10000.00 0.83
606.42 558.37 490.88 426.05 367.40 322.50 282.11 246.57 213.05 182.79 10000.00 0.93
623.36 571.54 501.19 433.34 371.08 325.66 285.59 248.36 213.70 182.21 10000.00 1.00
0.030 0.300 0.030 12 6 2 0 
32.12 32.12 32.12 32.12 32.12 32.12 32.12 32.12 32.12 32.12 0.00 0.41
35.38 35.38 35.38 35.38 35.38 35.38 35.38 35.38 35.38 35.38 0.00 0.45
39.66 39.66 39.66 39.66 39.66 39.66 39.66 39.66 39.66 39.66 0.00 0.51
43.43 43.43 43.43 43.43 43.43 43.43 43.43 43.43 43.43 43.43 0.00 0.56
47.56 47.56 47.56 47.56 47.56 47.56 47.56 47.56 47.56 47.56 0.00 0.61
52.13 52.13 52.13 52.13 52.13 52.13 52.13 52.13 52.13 52.13 0.00 0.68
54.49 54.49 54.49 54.49 54.49 54.49 54.49 54.49 54.49 54.49 0.00 0.71
57.01 57.01 57.01 57.01 57.01 57.01 57.01 57.01 57.01 57.01 0.00 0.75
59.82 59.82 59.82 59.82 59.82 59.82 59.82 59.82 59.82 59.82 0.00 0.79
62.81 62.81 62.81 62.81 62.81 62.81 62.81 62.81 62.81 62.81 0.00 0.83
70.09 70.09 70.09 70.09 70.09 70.09 70.09 70.09 70.09 70.09 0.00 0.93
74.62 74.62 74.62 74.62 74.62 74.62 74.62 74.62 74.62 74.62 0.00 1.00
32.67 32.67 32.67 32.67 32.67 32.67 32.67 32.67 32.67 32.67 2000.00 0.41
35.96 35.96 35.96 35.96 35.96 35.96 35.96 35.96 35.96 35.96 2000.00 0.45
40.31 40.31 40.31 40.31 40.31 40.31 40.31 40.31 40.31 40.31 2000.00 0.51
44.13 44.13 44.13 44.13 44.13 44.13 44.13 44.13 44.13 44.13 2000.00 0.56
48.42 48.42 48.42 48.42 48.42 48.42 48.42 48.42 48.42 48.42 2000.00 0.61
52.66 52.66 52.66 52.66 52.66 52.66 52.66 52.66 52.66 52.66 2000.00 0.68
55.31 55.31 55.31 55.31 55.31 55.31 55.31 55.31 55.31 55.31 2000.00 0.71
57.96 57.96 57.96 57.96 57.96 57.96 57.96 57.96 57.96 57.96 2000.00 0.75
60.90 60.90 60.90 60.90 60.90 60.90 60.90 60.90 60.90 60.90 2000.00 0.79
63.81 63.81 63.81 63.81 63.81 63.81 63.81 63.81 63.81 63.81 2000.00 0.83
71.08 71.08 71.08 71.08 71.08 71.08 71.08 71.08 71.08 71.08 2000.00 0.93
72.62 72.62 72.62 72.62 72.62 72.62 72.62 72.62 72.62 72.62 2000.00 1.00
33.33 33.33 33.33 33.33 33.33 33.33 33.33 33.33 33.33 33.33 4000.00 0.41
36.66 36.66 36.66 36.66 36.66 36.66 36.66 36.66 36.66 36.66 4000.00 0.45
41.01 41.01 41.01 41.01 41.01 41.01 41.01 41.01 41.01 41.01 4000.00 0.51
44.80 44.80 44.80 44.80 44.80 44.80 44.80 44.80 44.80 44.80 4000.00 0.56
49.20 49.20 49.20 49.20 49.20 49.20 49.20 49.20 49.20 49.20 4000.00 0.61
53.45 53.45 53.45 53.45 53.45 53.45 53.45 53.45 53.45 53.45 4000.00 0.68
56.19 56.19 56.19 56.19 56.19 56.19 56.19 56.19 56.19 56.19 4000.00 0.71
58.93 58.93 58.93 58.93 58.93 58.93 58.93 58.93 58.93 58.93 4000.00 0.75
61.83 61.83 61.83 61.83 61.83 61.83 61.83 61.83 61.83 61.83 4000.00 0.79
64.70 64.70 64.70 64.70 64.70 64.70 64.70 64.70 64.70 64.70 4000.00 0.83
68.58 68.58 68.58 68.58 68.58 68.58 68.58 68.58 68.58 68.58 4000.00 0.93
70.34 70.34 70.34 70.34 70.34 70.34 70.34 70.34 70.34 70.34 4000.00 1.00
34.00 34.00 34.00 34.00 34.00 34.00 34.00 34.00 34.00 34.00 6000.00 0.41
37.36 37.36 37.36 37.36 37.36 37.36 37.36 37.36 37.36 37.36 6000.00 0.45
41.72 41.72 41.72 41.72 41.72 41.72 41.72 41.72 41.72 41.72 6000.00 0.51
45.48 45.48 45.48 45.48 45.48 45.48 45.48 45.48 45.48 45.48 6000.00 0.56
49.98 49.98 49.98 49.98 49.98 49.98 49.98 49.98 49.98 49.98 6000.00 0.61
54.25 54.25 54.25 54.25 54.25 54.25 54.25 54.25 54.25 54.25 6000.00 0.68
57.07 57.07 57.07 57.07 57.07 57.07 57.07 57.07 57.07 57.07 6000.00 0.71
59.89 59.89 59.89 59.89 59.89 59.89 59.89 59.89 59.89 59.89 6000.00 0.75
62.23 62.23 62.23 62.23 62.23 62.23 62.23 62.23 62.23 62.23 6000.00 0.79
63.24 63.24 63.24 63.24 63.24 63.24 63.24 63.24 63.24 63.24 6000.00 0.83
66.15 66.15 66.15 66.15 66.15 66.15 66.15 66.15 66.15 66.15 6000.00 0.93
67.93 67.93 67.93 67.93 67.93 67.93 67.93 67.93 67.93 67.93 6000.00 1.00
34.67 34.67 34.67 34.67 34.67 34.67 34.67 34.67 34.67 34.67 8000.00 0.41
38.06 38.06 38.06 38.06 38.06 38.06 38.06 38.06 38.06 38.06 8000.00 0.45
42.42 42.42 42.42 42.42 42.42 42.42 42.42 42.42 42.42 42.42 8000.00 0.51
46.16 46.16 46.16 46.16 46.16 46.16 46.16 46.16 46.16 46.16 8000.00 0.56
50.76 50.76 50.76 50.76 50.76 50.76 50.76 50.76 50.76 50.76 8000.00 0.61
55.04 55.04 55.04 55.04 55.04 55.04 55.04 55.04 55.04 55.04 8000.00 0.68
57.78 57.78 57.78 57.78 57.78 57.78 57.78 57.78 57.78 57.78 8000.00 0.71
58.82 58.82 58.82 58.82 58.82 58.82 58.82 58.82 58.82 58.82 8000.00 0.75
59.81 59.81 59.81 59.81 59.81 59.81 59.81 59.81 59.81 59.81 8000.00 0.79
60.80 60.80 60.80 60.80 60.80 60.80 60.80 60.80 60.80 60.80 8000.00 0.83
63.58 63.58 63.58 63.58 63.58 63.58 63.58 63.58 63.58 63.58 8000.00 0.93
65.38 65.38 65.38 65.38 65.38 65.38 65.38 65.38 65.38 65.38 8000.00 1.00
35.33 35.33 35.33 35.33 35.33 35.33 35.33 35.33 35.33 35.33 10000.00 0.41
38.76 38.76 38.76 38.76 38.76 38.76 38.76 38.76 38.76 38.76 10000.00 0.45
43.12 43.12 43.12 43.12 43.12 43.12 43.12 43.12 43.12 43.12 10000.00 0.51
46.83 46.83 46.83 46.83 46.83 46.83 46.83 46.83 46.83 46.83 10000.00 0.56
51.54 51.54 51.54 51.54 51.54 51.54 51.54 51.54 51.54 51.54 10000.00 0.61
54.36 54.36 54.36 54.36 54.36 54.36 54.36 54.36 54.36 54.36 10000.00 0.68
55.33 55.33 55.33 55.33 55.33 55.33 55.33 55.33 55.33 55.33 10000.00 0.71
56.30 56.30 56.30 56.30 56.30 56.30 56.30 56.30 56.30 56.30 10000.00 0.75
57.27 57.27 57.27 57.27 57.27 57.27 57.27 57.27 57.27 57.27 10000.00 0.79
58.23 58.23 58.23 58.23 58.23 58.23 58.23 58.23 58.23 58.23 10000.00 0.83
60.89 60.89 60.89 60.89 60.89 60.89 60.89 60.89 60.89 60.89 10000.00 0.93
62.71 62.71 62.71 62.71 62.71 62.71 62.71 62.71 62.71 62.71 10000.00 1.00
