0.030 0.300 0.030 8 6 2 0 
561.21 499.71 417.87 349.03 293.70 250.06 211.50 172.41 142.83 118.33 0.00 0.61
604.55 539.37 456.53 381.35 323.90 275.84 234.17 193.02 159.86 134.15 0.00 0.68
626.71 559.79 476.60 397.50 337.87 288.92 244.70 203.37 168.12 141.33 0.00 0.71
650.17 581.51 497.39 415.23 352.82 303.07 256.64 214.82 177.65 149.91 0.00 0.75
675.27 605.06 518.60 435.01 369.25 318.17 270.33 227.74 188.77 159.99 0.00 0.79
701.83 630.23 541.39 456.59 387.01 334.71 285.23 242.00 201.02 170.14 0.00 0.83
760.42 686.51 592.87 504.18 427.74 373.08 320.03 273.49 229.58 193.70 0.00 0.93
801.40 724.77 626.72 532.22 450.78 396.85 339.45 288.72 245.11 206.69 0.00 1.00
554.08 500.01 422.62 356.13 302.26 258.47 221.53 185.57 154.58 130.89 2000.00 0.61
594.29 536.06 458.05 385.96 329.37 282.24 241.93 203.44 170.56 144.90 2000.00 0.68
618.50 558.78 480.58 405.43 346.06 298.02 255.70 216.23 181.18 155.00 2000.00 0.71
642.67 581.29 501.66 424.94 362.61 313.24 269.52 229.21 191.85 165.50 2000.00 0.75
668.30 605.47 523.78 446.19 380.58 329.56 284.71 243.71 204.00 176.66 2000.00 0.79
693.78 629.49 545.76 467.53 398.36 345.84 299.41 258.42 216.14 186.36 2000.00 0.83
750.73 684.23 596.32 513.98 439.63 383.85 333.88 289.57 244.98 208.92 2000.00 0.93
767.90 696.89 604.82 516.25 438.50 386.28 332.30 284.28 242.10 204.83 2000.00 1.00
543.63 497.89 425.71 362.11 310.11 266.37 230.83 198.67 166.99 143.87 4000.00 0.61
583.77 533.66 460.89 391.67 336.51 289.93 250.70 215.62 183.65 157.02 4000.00 0.68
608.08 556.58 483.69 411.52 353.73 306.07 264.83 228.47 195.18 167.47 4000.00 0.71
632.42 579.36 504.54 431.38 370.83 321.52 278.97 241.45 206.25 178.32 4000.00 0.75
657.33 602.81 526.04 452.03 388.52 337.57 293.61 255.22 218.00 189.08 4000.00 0.79
682.16 626.15 547.44 472.77 406.07 353.60 307.96 269.21 229.81 198.66 4000.00 0.83
713.95 652.59 570.09 492.32 422.27 369.09 321.54 279.47 237.98 202.97 4000.00 0.93
732.44 666.73 580.46 497.52 423.62 372.82 322.71 277.39 236.93 200.99 4000.00 1.00
533.32 494.12 427.74 366.38 315.97 273.21 237.58 206.98 177.93 154.28 6000.00 0.61
571.89 529.56 462.68 396.30 342.58 297.06 258.62 225.87 195.48 168.52 6000.00 0.68
595.88 552.55 485.10 416.59 360.47 313.46 273.36 239.27 207.91 179.68 6000.00 0.71
619.84 575.44 506.19 436.85 378.33 329.47 288.06 252.76 219.95 191.15 6000.00 0.75
640.13 594.11 522.89 453.02 392.39 341.97 299.20 263.42 229.21 199.34 6000.00 0.79
653.00 602.80 529.32 458.84 395.95 345.39 301.65 265.03 228.56 197.81 6000.00 0.83
678.33 621.85 544.56 471.18 405.16 354.57 309.39 269.52 230.90 197.25 6000.00 0.93
696.47 635.74 555.04 477.44 407.42 358.18 311.78 269.13 230.51 195.96 6000.00 1.00
520.32 488.39 428.59 369.94 321.25 279.76 244.38 215.35 188.55 164.89 8000.00 0.61
558.78 523.58 463.35 399.70 347.30 303.52 265.54 233.80 205.06 179.27 8000.00 0.68
581.64 545.43 484.05 419.09 364.45 318.97 279.78 246.37 216.62 189.97 8000.00 0.71
594.64 555.26 491.24 426.05 369.98 323.27 283.65 249.57 218.62 191.30 8000.00 0.75
606.09 563.77 497.37 432.11 374.69 327.03 286.49 252.74 220.53 191.99 8000.00 0.79
618.08 572.11 503.52 437.26 378.41 330.47 289.02 254.40 220.61 190.93 8000.00 0.83
642.47 590.43 518.14 449.09 386.81 339.04 296.25 258.55 222.59 190.60 8000.00 0.93
660.08 603.99 528.60 456.04 389.91 342.47 299.51 259.45 222.78 189.71 8000.00 1.00
506.19 481.04 428.04 372.45 325.33 284.81 250.76 221.97 196.04 172.89 10000.00 0.61
535.91 506.01 451.72 391.55 341.39 299.76 263.21 232.65 205.63 181.25 10000.00 0.68
548.70 515.56 458.50 398.03 346.48 303.60 266.78 235.13 207.21 182.30 10000.00 0.71
561.01 524.81 465.20 404.50 351.59 307.55 270.15 238.08 209.01 183.26 10000.00 0.75
571.97 532.96 471.07 410.29 356.08 311.15 272.84 241.14 210.86 183.65 10000.00 0.79
583.19 540.91 476.93 414.76 359.80 314.54 275.37 242.55 211.37 182.87 10000.00 0.83
606.42 558.37 490.87 426.05 367.39 322.49 282.11 246.57 213.05 182.79 10000.00 0.93
623.35 571.53 501.18 433.33 371.07 325.65 285.58 248.35 213.69 182.20 10000.00 1.00
0.030 0.300 0.030 8 6 2 0 
55.19 55.19 55.19 55.19 55.19 55.19 55.19 55.19 55.19 55.19 0.00 0.61
60.67 60.67 60.67 60.67 60.67 60.67 60.67 60.67 60.67 60.67 0.00 0.68
63.49 63.49 63.49 63.49 63.49 63.49 63.49 63.49 63.49 63.49 0.00 0.71
66.49 66.49 66.49 66.49 66.49 66.49 66.49 66.49 66.49 66.49 0.00 0.75
69.93 69.93 69.93 69.93 69.93 69.93 69.93 69.93 69.93 69.93 0.00 0.79
73.60 73.60 73.60 73.60 73.60 73.60 73.60 73.60 73.60 73.60 0.00 0.83
81.48 81.48 81.48 81.48 81.48 81.48 81.48 81.48 81.48 81.48 0.00 0.93
87.48 87.48 87.48 87.48 87.48 87.48 87.48 87.48 87.48 87.48 0.00 1.00
56.18 56.18 56.18 56.18 56.18 56.18 56.18 56.18 56.18 56.18 2000.00 0.61
61.27 61.27 61.27 61.27 61.27 61.27 61.27 61.27 61.27 61.27 2000.00 0.68
64.43 64.43 64.43 64.43 64.43 64.43 64.43 64.43 64.43 64.43 2000.00 0.71
67.58 67.58 67.58 67.58 67.58 67.58 67.58 67.58 67.58 67.58 2000.00 0.75
71.17 71.17 71.17 71.17 71.17 71.17 71.17 71.17 71.17 71.17 2000.00 0.79
74.76 74.76 74.76 74.76 74.76 74.76 74.76 74.76 74.76 74.76 2000.00 0.83
82.60 82.60 82.60 82.60 82.60 82.60 82.60 82.60 82.60 82.60 2000.00 0.93
85.18 85.18 85.18 85.18 85.18 85.18 85.18 85.18 85.18 85.18 2000.00 1.00
57.07 57.07 57.07 57.07 57.07 57.07 57.07 57.07 57.07 57.07 4000.00 0.61
62.18 62.18 62.18 62.18 62.18 62.18 62.18 62.18 62.18 62.18 4000.00 0.68
65.43 65.43 65.43 65.43 65.43 65.43 65.43 65.43 65.43 65.43 4000.00 0.71
68.67 68.67 68.67 68.67 68.67 68.67 68.67 68.67 68.67 68.67 4000.00 0.75
72.23 72.23 72.23 72.23 72.23 72.23 72.23 72.23 72.23 72.23 4000.00 0.79
75.80 75.80 75.80 75.80 75.80 75.80 75.80 75.80 75.80 75.80 4000.00 0.83
79.79 79.79 79.79 79.79 79.79 79.79 79.79 79.79 79.79 79.79 4000.00 0.93
82.54 82.54 82.54 82.54 82.54 82.54 82.54 82.54 82.54 82.54 4000.00 1.00
57.96 57.96 57.96 57.96 57.96 57.96 57.96 57.96 57.96 57.96 6000.00 0.61
63.09 63.09 63.09 63.09 63.09 63.09 63.09 63.09 63.09 63.09 6000.00 0.68
66.44 66.44 66.44 66.44 66.44 66.44 66.44 66.44 66.44 66.44 6000.00 0.71
69.77 69.77 69.77 69.77 69.77 69.77 69.77 69.77 69.77 69.77 6000.00 0.75
72.69 72.69 72.69 72.69 72.69 72.69 72.69 72.69 72.69 72.69 6000.00 0.79
74.10 74.10 74.10 74.10 74.10 74.10 74.10 74.10 74.10 74.10 6000.00 0.83
77.05 77.05 77.05 77.05 77.05 77.05 77.05 77.05 77.05 77.05 6000.00 0.93
79.76 79.76 79.76 79.76 79.76 79.76 79.76 79.76 79.76 79.76 6000.00 1.00
58.85 58.85 58.85 58.85 58.85 58.85 58.85 58.85 58.85 58.85 8000.00 0.61
64.00 64.00 64.00 64.00 64.00 64.00 64.00 64.00 64.00 64.00 8000.00 0.68
67.25 67.25 67.25 67.25 67.25 67.25 67.25 67.25 67.25 67.25 8000.00 0.71
68.55 68.55 68.55 68.55 68.55 68.55 68.55 68.55 68.55 68.55 8000.00 0.75
69.92 69.92 69.92 69.92 69.92 69.92 69.92 69.92 69.92 69.92 8000.00 0.79
71.29 71.29 71.29 71.29 71.29 71.29 71.29 71.29 71.29 71.29 8000.00 0.83
74.16 74.16 74.16 74.16 74.16 74.16 74.16 74.16 74.16 74.16 8000.00 0.93
76.82 76.82 76.82 76.82 76.82 76.82 76.82 76.82 76.82 76.82 8000.00 1.00
59.75 59.75 59.75 59.75 59.75 59.75 59.75 59.75 59.75 59.75 10000.00 0.61
63.21 63.21 63.21 63.21 63.21 63.21 63.21 63.21 63.21 63.21 10000.00 0.68
64.45 64.45 64.45 64.45 64.45 64.45 64.45 64.45 64.45 64.45 10000.00 0.71
65.68 65.68 65.68 65.68 65.68 65.68 65.68 65.68 65.68 65.68 10000.00 0.75
67.00 67.00 67.00 67.00 67.00 67.00 67.00 67.00 67.00 67.00 10000.00 0.79
68.32 68.32 68.32 68.32 68.32 68.32 68.32 68.32 68.32 68.32 10000.00 0.83
71.12 71.12 71.12 71.12 71.12 71.12 71.12 71.12 71.12 71.12 10000.00 0.93
73.74 73.74 73.74 73.74 73.74 73.74 73.74 73.74 73.74 73.74 10000.00 1.00
