CP\J	0	0.1	0.2	0.3	0.4	0.5	0.6	0.7	0.8	0.9	0	0	0	0	0	0	0	0	0	0	0	0	0	0	0	0	0	0	0	0
0.02	4.9	4.9	5.3	6	6.6	7.9	9.2																							
0.03	7.9	8.1	8.3	8.8	9.7	10.9	12.3	13.7	15.3	16.9	18.5	20.1	21.7	23.3																
0.04	10	10.3	10.7	11.2	12	12.8	14	15.5	16.9	18.3	19.9	21.4	23	24.5	26	27.4	30.3													
0.05	11.5	11.9	12.4	13	13.8	14.6	15.7	16.9	18.3	19.7	21.1	22.5	24	25.4	26.9	28.3	29.7	31	32.4											
0.06	13	13.5	14	14.6	15.4	16.2	17.1	18.3	19.5	20.8	22.2	23.6	25	26.3	27.7	29.1	30.4	31.7	33	34.2										
0.07	14.3	14.9	15.5	16.2	16.9	17.6	18.5	19.5	20.7	21.9	23.2	24.5	25.8	27.2	28.5	29.8	31.1	32.4	33.6	34.8	36.1									
0.08	15.5	16.1	16.7	17.4	18.2	18.9	19.7	20.7	21.8	22.9	24.1	25.4	26.7	28	29.2	30.5	31.8	33	34.2	35.4	35.5	36.6	40							
0.09	16.7	17.2	17.8	18.6	19.3	20.1	20.9	21.8	22.8	23.9	25.1	26.3	27.5	28.7	29.9	31.2	32.4	33.6	34.7	35.9	36	37.2	38.3	39.4	40.4					
0.1	17.9	18.3	18.9	19.6	20.4	21.2	22.1	22.9	23.8	24.9	26	27.1	28.3	29.4	30.6	31.8	33	34.1	35.3	36.4	36.5	37.6	38.7	39.8	40.8					
0.11	19.1	19.5	19.9	20.5	21.4	22.3	23.1	23.9	24.8	25.8	26.8	27.9	29	30.2	31.3	32.4	33.6	34.7	35.8	36.9	37	38.1	39.2	40.2	41.2	42.2	43.1	44		
0.12	20.3	20.7	21	21.5	22.3	23.2	24.1	24.9	25.8	26.7	27.7	28.7	29.8	30.9	32	33.1	34.1	35.2	36.3	37.4	37.5	38.5	39.6	40.6	41.6	42.5	43.5	44.3	45.2	46
0.13	21.5	21.9	22.2	22.6	23.1	24	25	25.8	26.7	27.6	28.5	29.5	30.5	31.5	32.6	33.7	34.7	35.8	36.8	37.8	37.9	39	40	41	42	42.9	43.8	44.7	45.5	46.3
0.14	22.7	23.1	23.4	23.7	24.1	24.8	25.7	26.7	27.6	28.4	29.3	30.2	31.2	32.2	33.2	34.2	35.3	36.3	37.3	38.3	38.4	39.4	40.4	41.4	42.3	43.2	44.1	45	45.8	46.6
0.15	23.9	24.3	24.6	24.9	25.2	25.7	26.5	27.5	28.4	29.2	30.1	31	31.9	32.9	33.8	34.8	35.8	36.8	37.8	38.8	38.8	39.8	40.8	41.8	42.7	43.6	44.4	45.3	46.1	46.9
0.16	25	25.4	25.8	26.1	26.4	26.6	27.3	28.2	29.1	30	30.8	31.7	32.6	33.5	34.4	35.4	36.3	37.3	38.3	39.2	39.3	40.2	41.2	42.1	43	43.9	44.8	45.6	46.4	47.1
0.17	26.2	26.6	27	27.3	27.6	27.7	28.1	28.9	29.8	30.7	31.6	32.4	33.3	34.1	35	36	36.9	37.8	38.7	39.6	39.7	40.7	41.6	42.5	43.4	44.2	45.1	45.9	46.7	47.4
0.18	27.4	27.7	28.1	28.4	28.8	28.9	29.1	29.6	30.5	31.4	32.3	33.1	33.9	34.8	35.6	36.5	37.4	38.3	39.2	40.1	40.1	41.1	42	42.9	43.7	44.6	45.4	46.2	46.9	47.7
0.19	28.6	28.8	29.2	29.5	29.9	30.1	30.2	30.4	31.1	32.1	33	33.8	34.6	35.4	36.2	37.1	37.9	38.8	39.7	40.5	40.6	41.5	42.3	43.2	44.1	44.9	45.7	46.5	47.2	47.9
0.2	29.8	30	30.3	30.6	31	31.3	31.4	31.4	31.8	32.7	33.6	34.4	35.2	36	36.8	37.6	38.4	39.3	40.1	41	41	41.9	42.7	43.6	44.4	45.2	46	46.7	47.5	48.2
0.21	31	31.2	31.4	31.7	32.1	32.4	32.6	32.5	32.7	33.3	34.2	35	35.8	36.6	37.4	38.1	38.9	39.8	40.6	41.4	41.4	42.3	43.1	43.9	44.7	45.5	46.3	47	47.8	48.5
0.22	32.2	32.3	32.5	32.8	33.1	33.4	33.7	33.7	33.7	34	34.8	35.6	36.4	37.2	37.9	38.7	39.5	40.2	41	41.8	41.8	42.6	43.5	44.3	45.1	45.8	46.6	47.3	48	48.7
0.23	33.5	33.6	33.7	33.9	34.2	34.5	34.8	34.9	34.8	34.8	35.3	36.1	37	37.7	38.4	39.2	39.9	40.7	41.5	42.3	42.2	43	43.8	44.6	45.4	46.1	46.9	47.6	48.3	49
0.24	34.7	34.8	34.9	35	35.2	35.5	35.8	36	35.9	35.8	36	36.7	37.5	38.2	39	39.7	40.4	41.2	41.9	42.7	42.6	43.4	44.2	45	45.7	46.5	47.2	47.9	48.6	49.2
0.25	36	36.1	36.1	36.1	36.3	36.5	36.8	37	37.1	36.9	36.9	37.3	38	38.8	39.5	40.2	40.9	41.6	42.4	43.1	43	43.8	44.6	45.3	46	46.8	47.5	48.2	48.8	49.5
0.26	37.3	37.4	37.4	37.3	37.3	37.6	37.8	38	38.1	38	37.8	38	38.5	39.3	40	40.7	41.4	42.1	42.8	43.5	43.4	44.2	44.9	45.6	46.4	47.1	47.8	48.4	49.1	49.7
0.27	38.5	38.6	38.6	38.6	38.5	38.6	38.8	39	39.1	39.1	38.8	38.8	39.1	39.8	40.5	41.2	41.9	42.6	43.2	43.9	43.8	44.6	45.3	46	46.7	47.4	48	48.7	49.3	50
0.28	39.8	39.9	39.9	39.8	39.7	39.6	39.8	39.9	40.1	40.1	39.9	39.6	39.8	40.3	41	41.7	42.3	43	43.7	44.3	44.2	44.9	45.6	46.3	47	47.7	48.3	49	49.6	50.2
0.29	41.1	41.2	41.2	41.1	40.9	40.8	40.8	40.9	41	41.1	41	40.6	40.5	40.9	41.5	42.1	42.8	43.5	44.1	44.7	44.6	45.3	46	46.7	47.3	48	48.6	49.3	49.9	50.5
0.3	42.3	42.4	42.5	42.4	42.2	41.9	41.8	41.9	42	42	42	41.7	41.4	41.5	41.9	42.6	43.3	43.9	44.5	45.2	45	45.7	46.3	47	47.6	48.3	48.9	49.5	50.1	50.7
0.31	43.6	43.7	43.7	43.6	43.5	43.2	42.9	42.9	42.9	43	42.9	42.7	42.3	42.2	42.5	43	43.7	44.3	44.9	45.6	45.4	46	46.7	47.3	48	48.6	49.2	49.8	50.4	50.9
0.32	44.9	45	45	44.9	44.7	44.4	44.1	43.8	43.9	43.9	43.8	43.7	43.3	43	43.1	43.5	44.1	44.7	45.4	46	45.8	46.4	47	47.7	48.3	48.9	49.5	50.1	50.6	51.2
0.33	46.1	46.3	46.3	46.2	46	45.7	45.3	44.9	44.8	44.8	44.7	44.6	44.3	43.8	43.7	44	44.6	45.2	45.8	46.3	46.2	46.8	47.4	48	48.6	49.2	49.8	50.3	50.9	51.4
0.34	47.4	47.5	47.6	47.5	47.3	47	46.5	46	45.7	45.7	45.6	45.5	45.2	44.8	44.4	44.5	45	45.6	46.2	46.7	46.5	47.1	47.7	48.3	48.9	49.5	50	50.6	51.1	51.7
0.35	48.7	48.8	48.8	48.7	48.5	48.2	47.8	47.3	46.7	46.6	46.5	46.4	46.2	45.8	45.2	45.2	45.4	46	46.6	47.1	46.9	47.5	48.1	48.7	49.2	49.8	50.3	50.9	51.4	51.9
0.36	49.9	50.1	50.1	50	49.8	49.5	49.1	48.5	47.9	47.5	47.4	47.2	47	46.7	46.1	45.8	45.9	46.4	46.9	47.5	47.3	47.9	48.4	49	49.5	50.1	50.6	51.1	51.7	52.2
0.37	51.2	51.4	51.4	51.3	51.1	50.7	50.3	49.7	49.1	48.5	48.3	48.1	47.9	47.6	47.1	46.6	46.5	46.8	47.3	47.9	47.7	48.2	48.8	49.3	49.8	50.4	50.9	51.4	51.9	52.4
0.38	52.5	52.6	52.7	52.6	52.4	52	51.6	51	50.3	49.5	49.2	49	48.7	48.4	48	47.4	47.1	47.3	47.7	48.2	48	48.6	49.1	49.6	50.1	50.7	51.2	51.7	52.2	52.6
0.39	53.8	53.9	53.9	53.8	53.6	53.3	52.8	52.2	51.5	50.7	50.1	49.8	49.6	49.3	48.9	48.2	47.7	47.7	48.1	48.6	48.4	48.9	49.4	49.9	50.5	50.9	51.4	51.9	52.4	52.9
0.4	55	55.2	55.2	55.1	54.9	54.6	54.1	53.5	52.7	51.9	51.1	50.7	50.4	50.1	49.7	49.2	48.5	48.3	48.5	49	48.8	49.3	49.8	50.3	50.8	51.2	51.7	52.2	52.7	53.1
0.41	56.3	56.4	56.5	56.4	56.2	55.8	55.4	54.7	54	53.1	52.2	51.5	51.2	50.9	50.5	50	49.3	48.9	48.9	49.3	49.1	49.6	50.1	50.6	51.1	51.5	52	52.5	52.9	53.4
0.42	57.6	57.7	57.8	57.7	57.5	57.1	56.6	56	55.2	54.3	53.3	52.5	52.1	51.7	51.3	50.9	50.2	49.5	49.4	49.7	49.5	50	50.4	50.9	51.4	51.8	52.3	52.7	53.2	53.6
0.43	58.8	59	59	58.9	58.7	58.4	57.9	57.2	56.5	55.5	54.5	53.5	52.9	52.5	52.1	51.7	51.1	50.3	50	50.1	49.8	50.3	50.8	51.2	51.7	52.1	52.5	53	53.4	53.8
0.44	60.1	60.3	60.3	60.2	60	59.6	59.1	58.5	57.7	56.8	55.7	54.6	53.8	53.3	52.9	52.5	51.9	51.1	50.6	50.6	50.2	50.6	51.1	51.5	52	52.4	52.8	53.2	53.7	54.1
0.45	61.4	61.5	61.6	61.5	61.3	60.9	60.4	59.8	58.9	58	56.9	55.7	54.7	54.1	53.7	53.2	52.7	51.9	51.2	51	50.5	51	51.4	51.8	52.3	52.7	53.1	53.5	53.9	54.3
0.46	62.6	62.8	62.9	62.8	62.5	62.2	61.7	61	60.2	59.2	58.1	56.9	55.7	55	54.5	54	53.5	52.8	51.9	51.6	50.9	51.3	51.7	52.2	52.6	53	53.4	53.8	54.2	54.5
0.47	63.9	64.1	64.1	64	63.8	63.5	62.9	62.3	61.4	60.4	59.3	58.1	56.8	55.8	55.3	54.7	54.2	53.6	52.7	52.2	51.2	51.6	52.1	52.5	52.9	53.2	53.6	54	54.4	54.8
0.48	65.2	65.4	65.4	65.3	65.1	64.7	64.2	63.5	62.7	61.7	60.5	59.3	58	56.8	56	55.5	55	54.4	53.6	52.8	51.6	52	52.4	52.8	53.2	53.5	53.9	54.3	54.6	55
0.49	66.4	66.6	66.7	66.6	66.4	66	65.5	64.8	63.9	62.9	61.8	60.5	59.1	57.8	56.8	56.3	55.7	55.1	54.4	53.5	52	52.3	52.7	53.1	53.4	53.8	54.2	54.5	54.9	55.3
0.5	67.7	67.9	68	67.9	67.6	67.3	66.7	66.1	65.2	64.2	63	61.7	60.3	58.9	57.7	57	56.4	55.9	55.2	54.2	52.5	52.7	53	53.4	53.7	54.1	54.4	54.8	55.1	55.5
