val(:,:,1) =

  414.6270  358.4918  295.7006  243.3389  203.5684  170.5294  141.8317  117.2569   94.5786   74.0602
  446.8219  389.1044  322.6999  264.7007  222.5171  187.0726  155.9061  126.8164  104.0105   82.2266
  488.3046  430.7077  357.6645  296.2854  249.8887  210.4417  176.0349  144.2093  120.3866   95.5640
  523.7461  465.9271  386.1279  322.3109  270.0104  229.2129  191.5882  157.4613  130.5738  105.7843
  561.3040  499.8179  417.9710  349.1260  293.7867  250.1426  211.5727  172.4842  142.8970  118.3907
  604.5935  539.4096  456.5760  381.4014  323.9359  275.8748  234.2065  193.0534  159.8964  134.1802
  650.1871  581.5343  497.4132  415.2525  352.8436  303.0855  256.6635  214.8372  177.6643  149.9297
  701.6918  630.0825  541.2448  456.4344  386.8717  334.5908  285.1058  241.8740  200.9135  170.0288
  760.3930  686.4814  592.8390  504.1468  427.7071  373.0509  320.0001  273.4606  229.5549  193.6757
  801.4921  724.8640  626.8176  532.3167  450.8703  396.9283  339.5247  288.7927  245.1779  206.7477


val(:,:,2) =

  407.4022  358.3859  299.1491  249.1599  209.6383  176.6999  149.9392  126.0354  103.5759   83.7869
  439.7421  389.1057  326.1995  270.6888  228.7274  193.6922  164.2450  136.2344  113.9393   92.4754
  480.1066  430.5136  361.2279  302.6961  256.5425  217.9902  186.0678  155.4608  131.5515  108.2049
  515.3173  465.8646  389.7853  328.7436  277.3856  236.9138  201.8021  170.7108  141.7153  118.1354
  553.9709  499.8853  422.4988  356.0080  302.1524  258.3711  221.4352  185.4725  154.4876  130.8022
  594.3708  536.1481  458.1425  386.0413  329.4459  282.3085  241.9948  203.5058  170.6273  144.9523
  642.7690  581.4098  501.7701  425.0449  362.7133  313.3268  269.6044  229.2967  191.9302  165.5700
  693.7847  629.4961  545.7630  467.5298  398.3620  345.8390  299.4140  258.4188  216.1436  186.3569
  749.2467  682.5904  594.7043  512.4668  438.1688  382.5589  332.7024  288.4417  243.8257  207.8632
  767.7996  696.7826  604.7167  516.1367  438.3990  386.1919  332.2105  284.1882  242.0171  204.7639


val(:,:,3) =

  399.3181  357.7763  302.7302  254.5274  215.4970  183.2604  157.3563  134.0490  112.6692   93.2897
  431.6930  388.5874  329.6107  276.7989  235.3390  200.4916  172.0118  146.7186  124.4405  102.7024
  471.4521  429.1293  364.0637  308.0382  262.6026  224.8294  193.4549  165.3559  141.4694  118.3378
  505.9795  463.6046  392.4963  333.7589  283.8990  244.0086  210.0973  180.9438  152.2418  129.3615
  543.6770  497.9409  425.7641  362.1570  310.1613  266.4166  230.8671  198.7093  167.0311  143.9039
  583.8597  533.7784  461.0041  391.7791  336.6149  290.0205  250.7945  215.7123  183.7424  157.1003
  632.5232  579.4898  504.6644  431.5002  370.9452  321.6229  279.0682  241.5488  206.3484  178.4118
  682.1201  626.0990  547.3905  472.7195  406.0216  353.5558  307.9167  269.1683  229.7676  198.6216
  713.9673  652.6036  570.1093  492.3316  422.2897  369.1049  321.5495  279.4834  237.9897  202.9797
  732.3581  666.6379  580.3704  497.4273  423.5352  372.7420  322.6368  277.3165  236.8629  200.9311


val(:,:,4) =

  389.1923  355.4477  305.3762  258.8357  220.5970  189.5643  163.9758  141.3551  121.2398  102.6956
  422.3111  386.6778  332.3115  281.6597  240.9329  207.0890  178.8919  154.8340  132.8064  112.5174
  460.9945  426.2960  366.1767  312.7627  268.2565  231.4860  200.5949  174.2512  150.7507  128.4872
  494.9511  459.2580  393.9120  337.4490  289.3749  250.4560  216.8379  188.7944  162.5967  139.8970
  533.2733  494.0732  427.6902  366.3310  315.9206  273.1660  237.5365  206.9363  177.8876  154.2463
  571.7815  529.4314  462.5522  396.1792  342.4642  296.9497  258.5213  225.7808  195.3843  168.4289
  619.7393  575.3261  506.0718  436.7349  378.2243  329.3683  287.9680  252.6751  219.8691  191.0628
  653.0796  602.8992  529.4153  458.9292  396.0452  345.4712  301.7281  265.1034  228.6428  197.8872
  678.3399  621.8577  544.5684  471.1872  405.1635  354.5784  309.3942  269.5216  230.9081  197.2522
  696.3979  635.6620  554.9613  477.3619  407.3488  358.1165  311.7180  269.0603  230.4520  195.9096


val(:,:,5) =

  378.7950  351.4782  307.1836  262.6691  225.3022  195.1352  170.0573  148.1080  128.6014  110.6970
  410.8160  382.5910  333.5954  285.4492  245.7279  212.9284  185.2247  162.0274  140.5480  121.6858
  448.3632  421.3121  366.8438  316.2062  272.6723  237.0947  206.8645  181.3154  158.3274  137.4561
  482.6057  453.5515  394.4725  340.5672  294.0581  255.9947  223.2568  195.8874  171.2439  148.8228
  520.4049  488.4912  428.6989  370.0440  321.3445  279.8536  244.4698  215.4234  188.6287  164.9554
  558.7153  523.4913  463.2508  399.6064  347.2129  303.4331  265.4654  233.7233  204.9850  179.1956
  594.5744  555.1838  491.1547  425.9724  369.9048  323.1985  283.5863  249.5105  218.5546  191.2373
  617.9837  571.9954  503.3999  437.1404  378.2944  330.3663  288.9217  254.3033  220.5047  190.8352
  642.4595  590.4179  518.1200  449.0738  386.7953  339.0293  296.2343  258.5414  222.5783  190.5926
  660.0140  603.9199  528.5305  455.9624  389.8359  342.4079  299.4474  259.3909  222.7257  189.6585


val(:,:,6) =

  367.1326  345.6740  307.2967  265.4710  229.3326  199.8342  175.1830  153.8921  135.0947  118.0590
  398.4714  376.6877  333.8015  288.7012  250.2568  217.9922  191.2415  168.2745  147.9703  129.4303
  435.3158  414.6515  366.3598  319.1016  276.7858  241.9754  212.6090  187.6283  165.3831  145.2771
  467.8634  445.7005  393.5120  342.5993  297.7390  260.5746  229.2584  202.2718  178.6386  156.7728
  506.1901  481.0500  428.0477  372.4601  325.3351  284.8176  250.7666  221.9708  196.0502  172.8901
  535.9750  506.0887  451.8015  391.6305  341.4593  299.8297  263.2718  232.7147  205.6856  181.2989
  561.0859  524.8978  465.3009  404.5973  351.6764  307.6379  270.2284  238.1530  209.0779  183.3308
  583.0964  540.7966  476.8127  414.6454  359.6806  314.4362  275.2722  242.4541  211.2711  182.7776
  606.3716  558.3214  490.8221  425.9999  367.3473  322.4509  282.0701  246.5345  213.0075  182.7533
  623.2798  571.4625  501.1125  433.2527  370.9942  325.5899  285.5163  248.2835  213.6354  182.1544