val(:,:,1) =

   55.2000   55.2000   55.2000   55.2000   55.2000   55.2000   55.2000   55.2000   55.2000   55.2000
   60.7000   60.7000   60.7000   60.7000   60.7000   60.7000   60.7000   60.7000   60.7000   60.7000
   66.5000   66.5000   66.5000   66.5000   66.5000   66.5000   66.5000   66.5000   66.5000   66.5000
   73.6000   73.6000   73.6000   73.6000   73.6000   73.6000   73.6000   73.6000   73.6000   73.6000
   81.5000   81.5000   81.5000   81.5000   81.5000   81.5000   81.5000   81.5000   81.5000   81.5000
   87.5000   87.5000   87.5000   87.5000   87.5000   87.5000   87.5000   87.5000   87.5000   87.5000


val(:,:,2) =

   56.2000   56.2000   56.2000   56.2000   56.2000   56.2000   56.2000   56.2000   56.2000   56.2000
   61.3000   61.3000   61.3000   61.3000   61.3000   61.3000   61.3000   61.3000   61.3000   61.3000
   67.6000   67.6000   67.6000   67.6000   67.6000   67.6000   67.6000   67.6000   67.6000   67.6000
   74.8000   74.8000   74.8000   74.8000   74.8000   74.8000   74.8000   74.8000   74.8000   74.8000
   82.4000   82.4000   82.4000   82.4000   82.4000   82.4000   82.4000   82.4000   82.4000   82.4000
   85.2000   85.2000   85.2000   85.2000   85.2000   85.2000   85.2000   85.2000   85.2000   85.2000


val(:,:,3) =

   57.1000   57.1000   57.1000   57.1000   57.1000   57.1000   57.1000   57.1000   57.1000   57.1000
   62.2000   62.2000   62.2000   62.2000   62.2000   62.2000   62.2000   62.2000   62.2000   62.2000
   68.7000   68.7000   68.7000   68.7000   68.7000   68.7000   68.7000   68.7000   68.7000   68.7000
   75.8000   75.8000   75.8000   75.8000   75.8000   75.8000   75.8000   75.8000   75.8000   75.8000
   79.8000   79.8000   79.8000   79.8000   79.8000   79.8000   79.8000   79.8000   79.8000   79.8000
   82.5000   82.5000   82.5000   82.5000   82.5000   82.5000   82.5000   82.5000   82.5000   82.5000


val(:,:,4) =

   58.0000   58.0000   58.0000   58.0000   58.0000   58.0000   58.0000   58.0000   58.0000   58.0000
   63.1000   63.1000   63.1000   63.1000   63.1000   63.1000   63.1000   63.1000   63.1000   63.1000
   69.8000   69.8000   69.8000   69.8000   69.8000   69.8000   69.8000   69.8000   69.8000   69.8000
   74.1000   74.1000   74.1000   74.1000   74.1000   74.1000   74.1000   74.1000   74.1000   74.1000
   77.0000   77.0000   77.0000   77.0000   77.0000   77.0000   77.0000   77.0000   77.0000   77.0000
   79.8000   79.8000   79.8000   79.8000   79.8000   79.8000   79.8000   79.8000   79.8000   79.8000


val(:,:,5) =

   58.9000   58.9000   58.9000   58.9000   58.9000   58.9000   58.9000   58.9000   58.9000   58.9000
   64.0000   64.0000   64.0000   64.0000   64.0000   64.0000   64.0000   64.0000   64.0000   64.0000
   68.6000   68.6000   68.6000   68.6000   68.6000   68.6000   68.6000   68.6000   68.6000   68.6000
   71.3000   71.3000   71.3000   71.3000   71.3000   71.3000   71.3000   71.3000   71.3000   71.3000
   74.2000   74.2000   74.2000   74.2000   74.2000   74.2000   74.2000   74.2000   74.2000   74.2000
   76.8000   76.8000   76.8000   76.8000   76.8000   76.8000   76.8000   76.8000   76.8000   76.8000


val(:,:,6) =

   59.7000   59.7000   59.7000   59.7000   59.7000   59.7000   59.7000   59.7000   59.7000   59.7000
   63.2000   63.2000   63.2000   63.2000   63.2000   63.2000   63.2000   63.2000   63.2000   63.2000
   65.7000   65.7000   65.7000   65.7000   65.7000   65.7000   65.7000   65.7000   65.7000   65.7000
   68.3000   68.3000   68.3000   68.3000   68.3000   68.3000   68.3000   68.3000   68.3000   68.3000
   71.1000   71.1000   71.1000   71.1000   71.1000   71.1000   71.1000   71.1000   71.1000   71.1000
   73.7000   73.7000   73.7000   73.7000   73.7000   73.7000   73.7000   73.7000   73.7000   73.7000
