val(:,:,1) =

   32.1000   32.1000   32.1000   32.1000   32.1000   32.1000   32.1000   32.1000   32.1000   32.1000
   35.4000   35.4000   35.4000   35.4000   35.4000   35.4000   35.4000   35.4000   35.4000   35.4000
   39.7000   39.7000   39.7000   39.7000   39.7000   39.7000   39.7000   39.7000   39.7000   39.7000
   43.4000   43.4000   43.4000   43.4000   43.4000   43.4000   43.4000   43.4000   43.4000   43.4000
   47.6000   47.6000   47.6000   47.6000   47.6000   47.6000   47.6000   47.6000   47.6000   47.6000
   52.1000   52.1000   52.1000   52.1000   52.1000   52.1000   52.1000   52.1000   52.1000   52.1000
   57.0000   57.0000   57.0000   57.0000   57.0000   57.0000   57.0000   57.0000   57.0000   57.0000
   62.8000   62.8000   62.8000   62.8000   62.8000   62.8000   62.8000   62.8000   62.8000   62.8000
   70.1000   70.1000   70.1000   70.1000   70.1000   70.1000   70.1000   70.1000   70.1000   70.1000
   74.6000   74.6000   74.6000   74.6000   74.6000   74.6000   74.6000   74.6000   74.6000   74.6000


val(:,:,2) =

   32.7000   32.7000   32.7000   32.7000   32.7000   32.7000   32.7000   32.7000   32.7000   32.7000
   36.0000   36.0000   36.0000   36.0000   36.0000   36.0000   36.0000   36.0000   36.0000   36.0000
   40.3000   40.3000   40.3000   40.3000   40.3000   40.3000   40.3000   40.3000   40.3000   40.3000
   44.1000   44.1000   44.1000   44.1000   44.1000   44.1000   44.1000   44.1000   44.1000   44.1000
   48.4000   48.4000   48.4000   48.4000   48.4000   48.4000   48.4000   48.4000   48.4000   48.4000
   52.7000   52.7000   52.7000   52.7000   52.7000   52.7000   52.7000   52.7000   52.7000   52.7000
   58.0000   58.0000   58.0000   58.0000   58.0000   58.0000   58.0000   58.0000   58.0000   58.0000
   63.8000   63.8000   63.8000   63.8000   63.8000   63.8000   63.8000   63.8000   63.8000   63.8000
   70.9000   70.9000   70.9000   70.9000   70.9000   70.9000   70.9000   70.9000   70.9000   70.9000
   72.6000   72.6000   72.6000   72.6000   72.6000   72.6000   72.6000   72.6000   72.6000   72.6000


val(:,:,3) =

   33.3000   33.3000   33.3000   33.3000   33.3000   33.3000   33.3000   33.3000   33.3000   33.3000
   36.7000   36.7000   36.7000   36.7000   36.7000   36.7000   36.7000   36.7000   36.7000   36.7000
   41.0000   41.0000   41.0000   41.0000   41.0000   41.0000   41.0000   41.0000   41.0000   41.0000
   44.8000   44.8000   44.8000   44.8000   44.8000   44.8000   44.8000   44.8000   44.8000   44.8000
   49.2000   49.2000   49.2000   49.2000   49.2000   49.2000   49.2000   49.2000   49.2000   49.2000
   53.5000   53.5000   53.5000   53.5000   53.5000   53.5000   53.5000   53.5000   53.5000   53.5000
   58.9000   58.9000   58.9000   58.9000   58.9000   58.9000   58.9000   58.9000   58.9000   58.9000
   64.7000   64.7000   64.7000   64.7000   64.7000   64.7000   64.7000   64.7000   64.7000   64.7000
   68.6000   68.6000   68.6000   68.6000   68.6000   68.6000   68.6000   68.6000   68.6000   68.6000
   70.3000   70.3000   70.3000   70.3000   70.3000   70.3000   70.3000   70.3000   70.3000   70.3000


val(:,:,4) =

   34.0000   34.0000   34.0000   34.0000   34.0000   34.0000   34.0000   34.0000   34.0000   34.0000
   37.4000   37.4000   37.4000   37.4000   37.4000   37.4000   37.4000   37.4000   37.4000   37.4000
   41.7000   41.7000   41.7000   41.7000   41.7000   41.7000   41.7000   41.7000   41.7000   41.7000
   45.5000   45.5000   45.5000   45.5000   45.5000   45.5000   45.5000   45.5000   45.5000   45.5000
   50.0000   50.0000   50.0000   50.0000   50.0000   50.0000   50.0000   50.0000   50.0000   50.0000
   54.2000   54.2000   54.2000   54.2000   54.2000   54.2000   54.2000   54.2000   54.2000   54.2000
   59.9000   59.9000   59.9000   59.9000   59.9000   59.9000   59.9000   59.9000   59.9000   59.9000
   63.2000   63.2000   63.2000   63.2000   63.2000   63.2000   63.2000   63.2000   63.2000   63.2000
   66.1000   66.1000   66.1000   66.1000   66.1000   66.1000   66.1000   66.1000   66.1000   66.1000
   67.9000   67.9000   67.9000   67.9000   67.9000   67.9000   67.9000   67.9000   67.9000   67.9000


val(:,:,5) =

   34.7000   34.7000   34.7000   34.7000   34.7000   34.7000   34.7000   34.7000   34.7000   34.7000
   38.1000   38.1000   38.1000   38.1000   38.1000   38.1000   38.1000   38.1000   38.1000   38.1000
   42.4000   42.4000   42.4000   42.4000   42.4000   42.4000   42.4000   42.4000   42.4000   42.4000
   46.2000   46.2000   46.2000   46.2000   46.2000   46.2000   46.2000   46.2000   46.2000   46.2000
   50.8000   50.8000   50.8000   50.8000   50.8000   50.8000   50.8000   50.8000   50.8000   50.8000
   55.0000   55.0000   55.0000   55.0000   55.0000   55.0000   55.0000   55.0000   55.0000   55.0000
   58.8000   58.8000   58.8000   58.8000   58.8000   58.8000   58.8000   58.8000   58.8000   58.8000
   60.8000   60.8000   60.8000   60.8000   60.8000   60.8000   60.8000   60.8000   60.8000   60.8000
   63.6000   63.6000   63.6000   63.6000   63.6000   63.6000   63.6000   63.6000   63.6000   63.6000
   65.4000   65.4000   65.4000   65.4000   65.4000   65.4000   65.4000   65.4000   65.4000   65.4000


val(:,:,6) =

   35.3000   35.3000   35.3000   35.3000   35.3000   35.3000   35.3000   35.3000   35.3000   35.3000
   38.8000   38.8000   38.8000   38.8000   38.8000   38.8000   38.8000   38.8000   38.8000   38.8000
   43.1000   43.1000   43.1000   43.1000   43.1000   43.1000   43.1000   43.1000   43.1000   43.1000
   46.8000   46.8000   46.8000   46.8000   46.8000   46.8000   46.8000   46.8000   46.8000   46.8000
   51.5000   51.5000   51.5000   51.5000   51.5000   51.5000   51.5000   51.5000   51.5000   51.5000
   54.4000   54.4000   54.4000   54.4000   54.4000   54.4000   54.4000   54.4000   54.4000   54.4000
   56.3000   56.3000   56.3000   56.3000   56.3000   56.3000   56.3000   56.3000   56.3000   56.3000
   58.2000   58.2000   58.2000   58.2000   58.2000   58.2000   58.2000   58.2000   58.2000   58.2000
   60.9000   60.9000   60.9000   60.9000   60.9000   60.9000   60.9000   60.9000   60.9000   60.9000
   62.7000   62.7000   62.7000   62.7000   62.7000   62.7000   62.7000   62.7000   62.7000   62.7000